Nivel 1 de Sucessão

Horizontal

8º sucessor
(
	(
		((0 0 0) (0 0 1) (0 1 1) (0 1 1))
		((0 0 0) (0 1 1) (1 0 1) (0 1 1))
	)1 NIL
		(
			(
				((0 0 0) (0 0 1) (0 1 1) (0 0 1))
				((0 0 0) (0 1 1) (1 0 1) (0 1 1))
			)0 NIL NIL
		)

7º sucessor
	(
		((0 0 0) (0 0 1) (0 1 1) (1 0 1))
		((0 0 0) (0 1 1) (1 0 1) (0 1 1))
	)1 NIL
		(
			(
				((0 0 0) (0 0 1) (0 1 1) (0 0 1))
				((0 0 0) (0 1 1) (1 0 1) (0 1 1))
			)0 NIL NIL
		)

6º sucessor
	(
		((0 0 0) (0 0 1) (1 1 1) (0 0 1))
		((0 0 0) (0 1 1) (1 0 1) (0 1 1))
	)1 NIL
		(
			(
				((0 0 0) (0 0 1) (0 1 1) (0 0 1))
				((0 0 0) (0 1 1) (1 0 1) (0 1 1))
			) 0 NIL NIL
		)

5º sucessor
	(
		((0 0 0) (0 1 1) (0 1 1) (0 0 1))
		((0 0 0) (0 1 1) (1 0 1) (0 1 1))
	) 1 NIL
		(
			(
				((0 0 0) (0 0 1) (0 1 1) (0 0 1))
				((0 0 0) (0 1 1) (1 0 1) (0 1 1))) 0 NIL NIL
			)

4º sucessor
	(
		((0 0 0) (1 0 1) (0 1 1) (0 0 1))
		((0 0 0) (0 1 1) (1 0 1) (0 1 1))
	)1 NIL
		(
			(
				((0 0 0) (0 0 1) (0 1 1) (0 0 1))
				((0 0 0) (0 1 1) (1 0 1) (0 1 1))
			) 0 NIL NIL
		)

3º sucessor
	(
		((0 0 1) (0 0 1) (0 1 1) (0 0 1))
		((0 0 0) (0 1 1) (1 0 1) (0 1 1))
	) 1 NIL
		(
			(
				((0 0 0) (0 0 1) (0 1 1) (0 0 1))
				((0 0 0) (0 1 1) (1 0 1) (0 1 1))
			) 0 NIL NIL
		)
	
2º sucessor
	(
		((0 1 0) (0 0 1) (0 1 1) (0 0 1))
		((0 0 0) (0 1 1) (1 0 1) (0 1 1))
	) 1 NIL
		(
			(
				((0 0 0) (0 0 1) (0 1 1) (0 0 1))
				((0 0 0) (0 1 1) (1 0 1) (0 1 1))
			) 0 NIL NIL
		)

1º sucessor

	(
		((1 0 0) (0 0 1) (0 1 1) (0 0 1))
		((0 0 0) (0 1 1) (1 0 1) (0 1 1))
	) 1 NIL
		(
			(
				((0 0 0) (0 0 1) (0 1 1) (0 0 1))
				((0 0 0) (0 1 1) (1 0 1) (0 1 1))
			) 0 NIL NIL
		)
) 



Vertical

6º Sucessor
(
	(
		((0 0 0) (0 0 1) (0 1 1) (0 0 1))
		((0 0 0) (0 1 1) (1 0 1) (1 1 1))
	) 1 NIL
		(
			(
				((0 0 0) (0 0 1) (0 1 1) (0 0 1))
				((0 0 0) (0 1 1) (1 0 1) (0 1 1))
			) 0 NIL NIL
		)
5º Sucessor

	(
		((0 0 0) (0 0 1) (0 1 1) (0 0 1))
		((0 0 0) (0 1 1) (1 1 1) (0 1 1))
	) 1 NIL
		(
			(
				((0 0 0) (0 0 1) (0 1 1) (0 0 1))
				((0 0 0) (0 1 1) (1 0 1) (0 1 1))
			) 0 NIL NIL
		)

4º Sucessor
	(
		((0 0 0) (0 0 1) (0 1 1) (0 0 1))
		((0 0 0) (1 1 1) (1 0 1) (0 1 1))
	) 1 NIL
		(
			(
				((0 0 0) (0 0 1) (0 1 1) (0 0 1))
				((0 0 0) (0 1 1) (1 0 1) (0 1 1))
			) 0 NIL NIL
		)
		
3º Sucessor	
	(
		((0 0 0) (0 0 1) (0 1 1) (0 0 1))
		((0 0 1) (0 1 1) (1 0 1) (0 1 1))
	) 1 NIL 
		(
			(
				((0 0 0) (0 0 1) (0 1 1) (0 0 1))
				((0 0 0) (0 1 1) (1 0 1) (0 1 1))
			) 0 NIL NIL
		)

2º Sucessor
	(
		((0 0 0) (0 0 1) (0 1 1) (0 0 1))
		((0 1 0) (0 1 1) (1 0 1) (0 1 1))
	) 1 NIL
		(
			(
				((0 0 0) (0 0 1) (0 1 1) (0 0 1))
				((0 0 0) (0 1 1) (1 0 1) (0 1 1))
			) 0 NIL NIL
		)

1º Sucessor
	(
		((0 0 0) (0 0 1) (0 1 1) (0 0 1))
		((1 0 0) (0 1 1) (1 0 1) (0 1 1))
	) 1 NIL
		(
			(
				((0 0 0) (0 0 1) (0 1 1) (0 0 1))
				((0 0 0) (0 1 1) (1 0 1) (0 1 1))
			) 0 NIL NIL
		)
) 

 
