(
	; Problema A 
	(
		((0 0 0) (0 0 1) (0 1 1) (0 0 1)) 
		((0 0 0) (0 1 0) (0 0 1) (0 1 1))
	)

	
	; Problema B
	(
		((0 0 1 0) (1 1 1 1) (0 0 1 1) (0 0 1 1) (0 0 1 1))
		((0 0 1 1) (0 0 1 1) (1 1 1 1) (1 0 1 1) (0 1 1 1))
	)
	
	
	; Problema C
	(
		((0 0 1 0) (1 0 1 1) (0 0 1 1) (0 0 1 1) (0 0 1 1))
		((0 0 1 1) (0 0 1 1) (0 0 1 1) (1 0 1 1) (0 1 1 1))
	)
	
	; Problema D
	(
		((0 0 0 0 0) (0 0 0 0 0) (0 0 0 0 0) (0 0 0 0 0) (0 0 0 0 0))
		((0 0 0 0) (0 0 0 0) (0 0 0 0) (0 0 0 0) (0 0 0 0) (0 0 0 0))
	)
	
	; Problema E 
	(
		((0 0 0 1 0 0) (0 0 0 1 1 1) (1 1 1 1 1 0) (0 0 0 1 1 0) (0 0 0 1 1 0) (0 0 1 1 1 1) (0 0 1 1 1 1))
		((0 0 0 1 1 1) (0 1 0 0 1 1) (0 1 1 0 1 1) (0 0 1 1 0 0) (1 0 1 0 1 0) (0 0 1 1 0 0) (0 1 1 1 1 1))
	)

	; Problema F
	( 
		((0 0 0 0 0 0 0) (0 0 0 0 0 0 0) (0 0 0 0 0 0 0) (0 0 0 0 0 0 0) (0 1 0 0 0 0 0) (0 1 0 0 0 0 0) (0 0 0 0 0 0 0) (0 0 0 0 0 0 0))
		((0 0 0 0 0 0 0) (0 0 0 0 1 0 0) (0 0 0 0 0 0 0) (0 0 0 0 0 0 0) (0 0 0 0 0 0 0) (0 0 0 0 0 0 0) (0 0 0 0 0 0 0) (0 0 0 0 0 0 0))
	)

)